c_const = 2.99792458e8;
eps0 = 8.854187817e-12;
mu0 = 4*pi*1e-7;