c_const = 2.99792458e8;
eps0 = 8.854187817e-12;
mu0 = 4*pi*1e-7;
q_e = 1.602176634e-19;
m_e = 9.10956e-31;